Tiempo	Ankle Flex/Ext	Knee Int/Ext R.	Inversion/Eversion
0.000000	13.553824	1.964804	-100.364246
0.001000	13.566464	2.008435	-100.370518
0.002000	13.579103	2.034614	-100.379927
0.003000	13.617022	2.060793	-100.391950
0.004000	13.680219	2.086972	-100.414428
0.005000	13.705498	2.121877	-100.444223
0.006000	13.730777	2.130603	-100.475587
0.007000	13.756056	2.139329	-100.507996
0.008000	13.768695	2.148055	-100.550337
0.009000	13.781335	2.156782	-100.593724
0.010000	13.793974	2.174234	-100.642860
0.011000	13.819253	2.191687	-100.682065
0.012000	13.831893	2.217866	-100.719179
0.013000	13.831893	2.226592	-100.761520
0.014000	13.806614	2.235318	-100.803861
0.015000	13.781335	2.244044	-100.844111
0.016000	13.743417	2.244044	-100.883315
0.017000	13.718138	2.244044	-100.920952
0.018000	13.692859	2.226592	-100.952316
0.019000	13.667580	2.226592	-100.973747
0.020000	13.629661	2.217866	-100.988907
0.021000	13.579103	2.209139	-100.988907
0.022000	13.566464	2.209139	-100.983679
0.023000	13.553824	2.226592	-100.976361
0.024000	13.541185	2.244044	-100.974270
0.025000	13.553824	2.235318	-100.963816
0.026000	13.553824	2.235318	-100.951793
0.027000	13.553824	2.209139	-100.937679
0.028000	13.541185	2.182961	-100.929838
0.029000	13.528545	2.156782	-100.919384
0.030000	13.528545	2.139329	-100.903702
0.031000	13.541185	2.139329	-100.876520
0.032000	13.553824	2.139329	-100.852997
0.033000	13.566464	2.139329	-100.831042
0.034000	13.591743	2.139329	-100.813792
0.035000	13.617022	2.148055	-100.804906
0.036000	13.642301	2.139329	-100.794451
0.037000	13.667580	2.121877	-100.783997
0.038000	13.680219	2.095698	-100.781383
0.039000	13.680219	2.043340	-100.777724
0.040000	13.680219	1.999709	-100.770929
0.041000	13.680219	1.956078	-100.756815
0.042000	13.667580	1.929899	-100.746360
0.043000	13.680219	1.886268	-100.734860
0.044000	13.692859	1.860089	-100.714997
0.045000	13.680219	1.833910	-100.686769
0.046000	13.667580	1.816458	-100.658542
0.047000	13.667580	1.807731	-100.625087
0.048000	13.680219	1.781553	-100.597383
0.049000	13.692859	1.755374	-100.557133
0.050000	13.705498	1.729195	-100.511655
0.051000	13.705498	1.703016	-100.458337
0.052000	13.692859	1.685564	-100.396132
0.053000	13.680219	1.685564	-100.339677
0.054000	13.667580	1.694290	-100.283745
0.055000	13.680219	1.711743	-100.224154
0.056000	13.692859	1.755374	-100.168222
0.057000	13.692859	1.799005	-100.116472
0.058000	13.692859	1.842636	-100.068381
0.059000	13.692859	1.894994	-100.018722
0.060000	13.667580	1.964804	-99.968017
0.061000	13.642301	2.043340	-99.924631
0.062000	13.654940	2.121877	-99.884903
0.063000	13.667580	2.182961	-99.846221
0.064000	13.667580	2.226592	-99.819039
0.065000	13.654940	2.261497	-99.795517
0.066000	13.642301	2.296402	-99.787676
0.067000	13.629661	2.340033	-99.788198
0.068000	13.617022	2.383664	-99.794471
0.069000	13.642301	2.409843	-99.811198
0.070000	13.667580	2.418569	-99.834721
0.071000	13.692859	2.436022	-99.866085
0.072000	13.692859	2.453475	-99.907381
0.073000	13.680219	2.470927	-99.944494
0.074000	13.692859	2.470927	-99.979517
0.075000	13.705498	2.470927	-100.012972
0.076000	13.718138	2.453475	-100.046426
0.077000	13.756056	2.418569	-100.081449
0.078000	13.793974	2.374938	-100.113858
0.079000	13.819253	2.340033	-100.152540
0.080000	13.831893	2.313854	-100.189131
0.081000	13.831893	2.296402	-100.222063
0.082000	13.831893	2.278949	-100.257086
0.083000	13.831893	2.261497	-100.286882
0.084000	13.844532	2.226592	-100.314064
0.085000	13.857172	2.191687	-100.338109
0.086000	13.831893	2.156782	-100.355359
0.087000	13.806614	2.139329	-100.363723
0.088000	13.781335	2.104424	-100.366337
0.089000	13.781335	2.078245	-100.362155
0.090000	13.806614	2.034614	-100.361632
0.091000	13.819253	1.999709	-100.363200
0.092000	13.831893	1.964804	-100.366859
0.093000	13.844532	1.947352	-100.378359
0.094000	13.844532	1.947352	-100.395087
0.095000	13.831893	1.956078	-100.408155
0.096000	13.819253	1.947352	-100.410768
0.097000	13.819253	1.929899	-100.417041
0.098000	13.844532	1.912447	-100.413905
0.099000	13.869811	1.912447	-100.401359
0.100000	13.895090	1.921173	-100.386200
0.101000	13.895090	1.938625	-100.367382
0.102000	13.895090	1.956078	-100.354836
0.103000	13.895090	1.990983	-100.344905
0.104000	13.895090	1.999709	-100.341246
0.105000	13.895090	2.008435	-100.330791
0.106000	13.882451	1.999709	-100.318245
0.107000	13.857172	1.999709	-100.305700
0.108000	13.831893	1.999709	-100.297336
0.109000	13.806614	1.999709	-100.287404
0.110000	13.781335	1.990983	-100.268063
0.111000	13.756056	1.973530	-100.238268
0.112000	13.756056	1.938625	-100.217882
0.113000	13.756056	1.912447	-100.203245
0.114000	13.768695	1.894994	-100.187041
0.115000	13.756056	1.868815	-100.184427
0.116000	13.743417	1.833910	-100.190700
0.117000	13.718138	1.790279	-100.201154
0.118000	13.705498	1.746648	-100.210563
0.119000	13.692859	1.694290	-100.211609
0.120000	13.692859	1.633206	-100.212131
0.121000	13.692859	1.589575	-100.206904
0.122000	13.692859	1.563396	-100.212654
0.123000	13.692859	1.554670	-100.223632
0.124000	13.692859	1.554670	-100.236177
0.125000	13.692859	1.554670	-100.240882
0.126000	13.692859	1.554670	-100.244018
0.127000	13.692859	1.554670	-100.247677
0.128000	13.680219	1.545944	-100.257609
0.129000	13.654940	1.545944	-100.264404
0.130000	13.629661	1.545944	-100.278518
0.131000	13.591743	1.563396	-100.294200
0.132000	13.579103	1.598301	-100.307268
0.133000	13.553824	1.633206	-100.315632
0.134000	13.541185	1.650659	-100.321382
0.135000	13.528545	1.668111	-100.331314
0.136000	13.515906	1.711743	-100.347518
0.137000	13.503266	1.755374	-100.365291
0.138000	13.477987	1.799005	-100.385677
0.139000	13.465348	1.833910	-100.403450
0.140000	13.452708	1.860089	-100.423314
0.141000	13.440069	1.868815	-100.442655
0.142000	13.427429	1.877542	-100.468791
0.143000	13.402150	1.886268	-100.498587
0.144000	13.364232	1.894994	-100.530473
0.145000	13.351593	1.912447	-100.558178
0.146000	13.338953	1.929899	-100.581178
0.147000	13.313674	1.947352	-100.591110
0.148000	13.275756	1.938625	-100.596337
0.149000	13.225198	1.921173	-100.595292
0.150000	13.199919	1.903720	-100.596860
0.151000	13.174640	1.912447	-100.596337
0.152000	13.149361	1.912447	-100.596337
0.153000	13.124082	1.877542	-100.595292
0.154000	13.111442	1.851363	-100.589542
0.155000	13.124082	1.833910	-100.584314
0.156000	13.111442	1.816458	-100.579610
0.157000	13.098803	1.799005	-100.563928
0.158000	13.086163	1.790279	-100.548246
0.159000	13.073524	1.790279	-100.527860
0.160000	13.086163	1.790279	-100.504337
0.161000	13.111442	1.790279	-100.481860
0.162000	13.111442	1.781553	-100.463564
0.163000	13.098803	1.772826	-100.449973
0.164000	13.111442	1.764100	-100.442655
0.165000	13.149361	1.764100	-100.440564
0.166000	13.187279	1.764100	-100.438996
0.167000	13.199919	1.772826	-100.430109
0.168000	13.225198	1.772826	-100.420178
0.169000	13.250477	1.799005	-100.403973
0.170000	13.275756	1.851363	-100.386723
0.171000	13.288395	1.886268	-100.375746
0.172000	13.288395	1.912447	-100.358496
0.173000	13.301035	1.938625	-100.331314
0.174000	13.313674	1.973530	-100.308836
0.175000	13.326314	2.008435	-100.274859
0.176000	13.338953	2.017162	-100.239313
0.177000	13.338953	2.025888	-100.204813
0.178000	13.351593	2.043340	-100.165086
0.179000	13.389511	2.078245	-100.123268
0.180000	13.452708	2.104424	-100.079358
0.181000	13.503266	2.121877	-100.036495
0.182000	13.541185	2.139329	-99.990494
0.183000	13.579103	2.156782	-99.952858
0.184000	13.642301	2.156782	-99.925153
0.185000	13.692859	2.148055	-99.905290
0.186000	13.743417	2.113150	-99.895358
0.187000	13.793974	2.060793	-99.890653
0.188000	13.831893	2.017162	-99.882290
0.189000	13.857172	1.973530	-99.881244
0.190000	13.882451	1.929899	-99.891176
0.191000	13.907730	1.868815	-99.902153
0.192000	13.933009	1.799005	-99.930381
0.193000	13.958288	1.764100	-99.962267
0.194000	13.970927	1.729195	-100.000426
0.195000	13.970927	1.668111	-100.047995
0.196000	13.958288	1.598301	-100.091381
0.197000	13.933009	1.554670	-100.136336
0.198000	13.907730	1.528491	-100.178154
0.199000	13.882451	1.502312	-100.221018
0.225299	13.857172	1.476134	-100.257086
0.226299	13.819253	1.467407	-100.292109
0.227299	13.768695	1.484860	-100.325564
0.228299	13.718138	1.519765	-100.354314
0.229299	13.667580	1.572123	-100.377837
0.230299	13.629661	1.624480	-100.401359
0.231299	13.617022	1.676838	-100.423837
0.232299	13.604382	1.729195	-100.446837
0.233299	13.591743	1.781553	-100.475064
0.234299	13.579103	1.860089	-100.497019
0.235299	13.566464	1.912447	-100.518973
0.236299	13.579103	1.964804	-100.532564
0.237299	13.591743	2.034614	-100.538314
0.238299	13.604382	2.095698	-100.557133
0.239299	13.617022	2.130603	-100.575951
0.240299	13.629661	2.156782	-100.598951
0.241299	13.642301	2.182961	-100.625610
0.242299	13.654940	2.217866	-100.653837
0.243299	13.654940	2.226592	-100.676837
0.244299	13.680219	2.209139	-100.695133
0.245299	13.705498	2.182961	-100.713428
0.246299	13.718138	2.148055	-100.731201
0.247299	13.743417	2.113150	-100.751065
0.248299	13.756056	2.078245	-100.771451
0.249299	13.768695	2.043340	-100.790270
0.250299	13.781335	2.017162	-100.804383
0.251299	13.781335	1.973530	-100.813792
0.252299	13.768695	1.938625	-100.823724
0.253299	13.730777	1.894994	-100.839406
0.254299	13.680219	1.851363	-100.859270
0.255299	13.617022	1.825184	-100.868679
0.256299	13.553824	1.807731	-100.877565
0.257299	13.490627	1.781553	-100.880702
0.258299	13.427429	1.746648	-100.877043
0.259299	13.364232	1.703016	-100.868156
0.260299	13.326314	1.685564	-100.861361
0.261299	13.275756	1.685564	-100.855088
0.262299	13.225198	1.668111	-100.847770
0.263299	13.199919	1.641933	-100.844111
0.264299	13.162000	1.607028	-100.839929
0.265299	13.111442	1.572123	-100.831042
0.266299	13.060884	1.554670	-100.816406
0.267299	13.010326	1.545944	-100.802292
0.268299	12.985047	1.528491	-100.798633
0.269299	12.985047	1.511039	-100.796542
0.270299	13.010326	1.511039	-100.791315
0.271299	13.060884	1.519765	-100.784520
0.272299	13.124082	1.519765	-100.780861
0.273299	13.187279	1.519765	-100.778770
0.274299	13.237837	1.528491	-100.785042
0.275299	13.288395	1.554670	-100.793929
0.276299	13.338953	1.572123	-100.806997
0.277299	13.376871	1.580849	-100.819542
0.278299	13.402150	1.572123	-100.832088
0.279299	13.427429	1.589575	-100.839929
0.280299	13.440069	1.624480	-100.844111
0.281299	13.452708	1.676838	-100.844111
0.282299	13.490627	1.737921	-100.848293
0.283299	13.528545	1.764100	-100.853520
0.284299	13.553824	1.781553	-100.859793
0.285299	13.553824	1.807731	-100.853520
0.286299	13.541185	1.833910	-100.838883
0.287299	13.515906	1.860089	-100.822156
0.288299	13.465348	1.877542	-100.805952
0.289299	13.427429	1.894994	-100.783997
0.290299	13.389511	1.921173	-100.757338
0.291299	13.389511	1.956078	-100.720224
0.292299	13.389511	1.982257	-100.685201
0.293299	13.389511	2.017162	-100.654883
0.294299	13.389511	2.043340	-100.624565
0.295299	13.402150	2.069519	-100.596337
0.296299	13.402150	2.078245	-100.577519
0.297299	13.402150	2.069519	-100.559746
0.298299	13.402150	2.052067	-100.546155
0.299299	13.389511	2.017162	-100.530473
0.300299	13.376871	1.999709	-100.519496
0.301299	13.389511	1.990983	-100.504860
0.302299	13.414790	1.973530	-100.499110
0.303299	13.427429	1.956078	-100.495973
0.304299	13.440069	1.921173	-100.497541
0.305299	13.477987	1.886268	-100.500678
0.306299	13.503266	1.851363	-100.513746
0.307299	13.528545	1.799005	-100.530996
0.308299	13.515906	1.729195	-100.562883
0.309299	13.490627	1.659385	-100.597905
0.310299	13.477987	1.589575	-100.630837
0.311299	13.465348	1.528491	-100.669519
0.312299	13.465348	1.484860	-100.710815
0.313299	13.490627	1.467407	-100.748451
0.314299	13.515906	1.458681	-100.786088
0.315299	13.541185	1.449955	-100.823724
0.316299	13.566464	1.441229	-100.867111
0.317299	13.591743	1.423776	-100.905793
0.318299	13.604382	1.388871	-100.946043
0.319299	13.629661	1.362692	-100.981066
0.320299	13.667580	1.327787	-101.023407
0.321299	13.705498	1.301609	-101.056339
0.322299	13.730777	1.275430	-101.084043
0.323299	13.743417	1.249251	-101.105475
0.324299	13.756056	1.231798	-101.125862
0.325299	13.781335	1.231798	-101.131612
0.326299	13.819253	1.240525	-101.125339
0.327299	13.819253	1.249251	-101.114884
0.328299	13.806614	1.257977	-101.095021
0.329299	13.781335	1.257977	-101.067316
0.330299	13.743417	1.231798	-101.039089
0.331299	13.705498	1.214346	-101.009293
0.332299	13.667580	1.196893	-100.976884
0.333299	13.617022	1.196893	-100.937679
0.334299	13.566464	1.214346	-100.906838
0.335299	13.515906	1.231798	-100.875997
0.336299	13.440069	1.257977	-100.844633
0.337299	13.364232	1.292882	-100.809611
0.338299	13.275756	1.319061	-100.786611
0.339299	13.187279	1.336514	-100.770929
0.340299	13.124082	1.353966	-100.755770
0.341299	13.060884	1.371419	-100.736429
0.342299	12.997687	1.380145	-100.721269
0.343299	12.947129	1.362692	-100.720224
0.344299	12.934490	1.353966	-100.720747
0.345299	12.947129	1.353966	-100.723360
0.346299	12.959769	1.353966	-100.727542
0.347299	12.972408	1.353966	-100.727019
0.348299	12.985047	1.345240	-100.725451
0.349299	12.997687	1.336514	-100.722315
0.350299	13.035605	1.327787	-100.718656
0.351299	13.073524	1.319061	-100.702974
0.352299	13.111442	1.327787	-100.685201
0.353299	13.174640	1.327787	-100.668997
0.354299	13.250477	1.336514	-100.650178
0.355299	13.351593	1.371419	-100.622474
0.356299	13.452708	1.423776	-100.585883
0.357299	13.541185	1.476134	-100.550337
0.358299	13.629661	1.519765	-100.520542
0.359299	13.718138	1.572123	-100.492314
0.360299	13.781335	1.650659	-100.454155
0.361299	13.831893	1.711743	-100.418087
0.362299	13.857172	1.764100	-100.387246
0.363299	13.882451	1.816458	-100.361632
0.364299	13.907730	1.886268	-100.344905
0.365299	13.933009	1.956078	-100.334973
0.366299	13.958288	2.025888	-100.329223
0.367299	13.970927	2.078245	-100.327655
0.368299	13.983567	2.121877	-100.336541
0.369299	13.996206	2.139329	-100.350132
0.370299	13.996206	2.156782	-100.367905
0.371299	13.983567	2.165508	-100.387768
0.372299	13.958288	2.148055	-100.414428
0.373299	13.920369	2.121877	-100.444746
0.374299	13.882451	2.095698	-100.474019
0.375299	13.831893	2.086972	-100.500155
0.376299	13.793974	2.069519	-100.527337
0.377299	13.768695	2.034614	-100.559746
0.378299	13.743417	2.008435	-100.587974
0.379299	13.730777	1.982257	-100.613587
0.380299	13.705498	1.956078	-100.637633
0.381299	13.680219	1.929899	-100.652269
0.382299	13.654940	1.912447	-100.658542
0.383299	13.629661	1.903720	-100.665860
0.384299	13.604382	1.912447	-100.674747
0.385299	13.579103	1.903720	-100.678928
0.386299	13.553824	1.929899	-100.680497
0.387299	13.515906	1.964804	-100.678406
0.388299	13.477987	2.008435	-100.670042
0.389299	13.440069	2.060793	-100.655928
0.390299	13.427429	2.113150	-100.642337
0.391299	13.414790	2.165508	-100.628746
0.392299	13.427429	2.209139	-100.616201
0.393299	13.414790	2.252771	-100.600519
0.394299	13.414790	2.313854	-100.580133
0.395299	13.402150	2.383664	-100.562883
0.396299	13.402150	2.462201	-100.548769
0.397299	13.427429	2.540737	-100.531519
0.398299	13.452708	2.601821	-100.527860
0.399299	13.477987	2.636726	-100.531519
0.400299	13.503266	2.662905	-100.529951
0.401299	13.515906	2.671631	-100.521064
0.402299	13.528545	2.706536	-100.514269
0.403299	13.541185	2.723988	-100.506428
0.404299	13.579103	2.715262	-100.500678
0.405299	13.604382	2.689083	-100.504860
0.406299	13.629661	2.671631	-100.511655
0.407299	13.654940	2.654178	-100.522632
0.408299	13.680219	2.628000	-100.538837
0.409299	13.692859	2.601821	-100.558701
0.410299	13.705498	2.566916	-100.585360
0.411299	13.705498	2.532011	-100.618292
0.412299	13.730777	2.470927	-100.650701
0.413299	13.743417	2.383664	-100.672656
0.414299	13.730777	2.296402	-100.696178
0.415299	13.718138	2.217866	-100.709769
0.416299	13.705498	2.165508	-100.723883
0.417299	13.692859	2.104424	-100.746883
0.418299	13.705498	2.060793	-100.775633
0.419299	13.718138	1.999709	-100.799679
0.420299	13.718138	1.938625	-100.828952
0.421299	13.692859	1.903720	-100.854043
0.422299	13.692859	1.886268	-100.877043
0.423299	13.692859	1.851363	-100.903179
0.424299	13.667580	1.807731	-100.926179
0.463870	13.629661	1.790279	-100.940293
0.464870	13.591743	1.772826	-100.945520
0.465870	13.579103	1.764100	-100.938202
0.466870	13.579103	1.737921	-100.925134
0.467870	13.553824	1.729195	-100.912588
0.468870	13.515906	1.746648	-100.907884
0.469870	13.503266	1.764100	-100.902656
0.470870	13.490627	1.790279	-100.895861
0.471870	13.477987	1.807731	-100.878088
0.472870	13.465348	1.833910	-100.849861
0.473870	13.427429	1.842636	-100.818497
0.474870	13.389511	1.860089	-100.790792
0.475870	13.376871	1.877542	-100.753679
0.476870	13.376871	1.877542	-100.719701
0.477870	13.364232	1.851363	-100.677360
0.478870	13.351593	1.833910	-100.626655
0.479870	13.351593	1.825184	-100.569155
0.480870	13.376871	1.790279	-100.510610
0.481870	13.389511	1.746648	-100.457291
0.482870	13.389511	1.694290	-100.412859
0.483870	13.376871	1.659385	-100.370518
0.484870	13.389511	1.641933	-100.329223
0.485870	13.427429	1.615754	-100.288450
0.486870	13.452708	1.589575	-100.253427
0.487870	13.465348	1.554670	-100.221541
0.488870	13.490627	1.519765	-100.201154
0.489870	13.515906	1.484860	-100.185995
0.490870	13.566464	1.458681	-100.173450
0.491870	13.617022	1.432502	-100.162995
0.492870	13.642301	1.406324	-100.162995
0.493870	13.680219	1.397597	-100.159336
0.494870	13.718138	1.423776	-100.166131
0.495870	13.743417	1.449955	-100.181813
0.496870	13.768695	1.484860	-100.210041
0.497870	13.781335	1.528491	-100.246109
0.498870	13.819253	1.589575	-100.284791
0.499870	13.857172	1.659385	-100.323473
0.500870	13.882451	1.703016	-100.357973
0.501870	13.882451	1.720469	-100.386200
0.502870	13.869811	1.737921	-100.412337
0.503870	13.857172	1.755374	-100.428541
0.504870	13.857172	1.772826	-100.439519
0.505870	13.831893	1.790279	-100.436905
0.506870	13.806614	1.807731	-100.435337
0.507870	13.756056	1.833910	-100.432200
0.508870	13.705498	1.860089	-100.419132
0.509870	13.680219	1.894994	-100.396132
0.510870	13.642301	1.921173	-100.379405
0.511870	13.604382	1.912447	-100.354314
0.512870	13.591743	1.903720	-100.319814
0.513870	13.566464	1.886268	-100.270154
0.514870	13.541185	1.868815	-100.212654
0.515870	13.490627	1.842636	-100.145222
0.516870	13.440069	1.833910	-100.069427
0.517870	13.402150	1.851363	-99.998335
0.518870	13.389511	1.877542	-99.931949
0.519870	13.376871	1.912447	-99.863471
0.520870	13.364232	1.947352	-99.800221
0.521870	13.351593	1.973530	-99.744289
0.522870	13.351593	1.999709	-99.706653
0.523870	13.351593	2.017162	-99.667448
0.524870	13.364232	2.017162	-99.624584
0.525870	13.376871	2.025888	-99.590084
0.526870	13.376871	2.008435	-99.558720
0.527870	13.376871	1.999709	-99.522129
0.528870	13.376871	2.017162	-99.492857
0.529870	13.364232	2.034614	-99.471947
0.530870	13.376871	2.060793	-99.463584
0.531870	13.389511	2.086972	-99.458879
0.532870	13.427429	2.113150	-99.458356
0.533870	13.452708	2.113150	-99.465675
0.534870	13.477987	2.104424	-99.474038
0.535870	13.490627	2.095698	-99.483447
0.536870	13.515906	2.060793	-99.495470
0.537870	13.528545	2.025888	-99.509061
0.538870	13.553824	1.999709	-99.518470
0.539870	13.579103	1.973530	-99.517425
0.540870	13.591743	1.964804	-99.510629
0.541870	13.617022	1.964804	-99.508016
0.542870	13.642301	1.947352	-99.501743
0.543870	13.667580	1.956078	-99.499652
0.544870	13.692859	1.947352	-99.501220
0.545870	13.718138	1.921173	-99.500175
0.546870	13.743417	1.903720	-99.495993
0.547870	13.756056	1.877542	-99.489720
0.548870	13.768695	1.860089	-99.491288
0.549870	13.768695	1.851363	-99.500697
0.550870	13.793974	1.860089	-99.509061
0.551870	13.819253	1.868815	-99.509584
0.552870	13.844532	1.877542	-99.506447
0.553870	13.844532	1.912447	-99.497561
0.554870	13.857172	1.956078	-99.481879
0.555870	13.857172	1.999709	-99.470379
0.556870	13.857172	2.043340	-99.458356
0.557870	13.869811	2.078245	-99.453652
0.558870	13.869811	2.113150	-99.449993
0.559870	13.869811	2.156782	-99.451038
0.560870	13.857172	2.191687	-99.449470
0.561870	13.857172	2.235318	-99.449470
0.562870	13.857172	2.287676	-99.447379
0.563870	13.857172	2.322581	-99.446334
0.564870	13.857172	2.348759	-99.444243
0.565870	13.857172	2.366212	-99.430129
0.566870	13.857172	2.357486	-99.409220
0.567870	13.844532	2.331307	-99.391970
0.568870	13.819253	2.313854	-99.382038
0.569870	13.793974	2.296402	-99.371061
0.570870	13.781335	2.261497	-99.370538
0.571870	13.781335	2.209139	-99.375765
0.572870	13.781335	2.156782	-99.376288
0.573870	13.781335	2.104424	-99.378902
0.574870	13.781335	2.052067	-99.381515
0.575870	13.781335	1.999709	-99.385174
0.576870	13.768695	1.947352	-99.391447
0.577870	13.781335	1.903720	-99.399811
0.578870	13.756056	1.868815	-99.402947
0.579870	13.730777	1.842636	-99.405038
0.580870	13.705498	1.825184	-99.408697
0.581870	13.680219	1.816458	-99.410788
0.582870	13.654940	1.799005	-99.423334
0.583870	13.642301	1.807731	-99.440584
0.584870	13.629661	1.833910	-99.451561
0.585870	13.629661	1.833910	-99.460970
0.586870	13.629661	1.842636	-99.476652
0.587870	13.629661	1.877542	-99.487629
0.588870	13.604382	1.929899	-99.502266
0.589870	13.579103	1.982257	-99.524743
0.590870	13.553824	2.025888	-99.551925
0.591870	13.528545	2.069519	-99.577016
0.592870	13.503266	2.113150	-99.600539
0.593870	13.490627	2.165508	-99.619880
0.594870	13.465348	2.200413	-99.642880
0.595870	13.477987	2.226592	-99.667971
0.596870	13.490627	2.235318	-99.700903
0.597870	13.503266	2.244044	-99.731221
0.598870	13.503266	2.252771	-99.764676
0.599870	13.503266	2.278949	-99.797607
0.600870	13.477987	2.296402	-99.832108
0.601870	13.452708	2.296402	-99.870790
0.602870	13.440069	2.313854	-99.917312
0.603870	13.427429	2.313854	-99.966972
0.604870	13.414790	2.287676	-100.022381
0.605870	13.427429	2.235318	-100.074654
0.606870	13.440069	2.182961	-100.122222
0.607870	13.452708	2.148055	-100.158290
0.608870	13.465348	2.113150	-100.193313
0.609870	13.477987	2.078245	-100.229904
0.610870	13.503266	2.025888	-100.261791
0.611870	13.515906	1.982257	-100.285836
0.612870	13.515906	1.938625	-100.308836
0.613870	13.515906	1.921173	-100.330268
0.614870	13.515906	1.912447	-100.348564
0.615870	13.541185	1.903720	-100.360586
0.616870	13.553824	1.894994	-100.363723
0.617870	13.566464	1.886268	-100.361632
0.618870	13.579103	1.886268	-100.359018
0.619870	13.579103	1.903720	-100.340200
0.620870	13.579103	1.921173	-100.312495
0.621870	13.579103	1.938625	-100.270677
0.622870	13.566464	1.982257	-100.224677
0.623870	13.553824	2.025888	-100.173972
0.624870	13.553824	2.060793	-100.130586
0.625870	13.553824	2.095698	-100.090336
0.626870	13.553824	2.130603	-100.043813
0.627870	13.541185	2.191687	-100.000949
0.628870	13.553824	2.261497	-99.956517
0.629870	13.566464	2.331307	-99.912608
0.630870	13.579103	2.374938	-99.858244
0.631870	13.591743	2.409843	-99.807017
0.632870	13.591743	2.444748	-99.761539
0.633870	13.604382	2.462201	-99.718675
0.634870	13.642301	2.479653	-99.671630
0.635870	13.680219	2.497106	-99.619880
0.636870	13.705498	2.488380	-99.578584
0.637870	13.730777	2.488380	-99.537811
0.638870	13.756056	2.514558	-99.502266
0.639870	13.781335	2.532011	-99.466197
0.640870	13.806614	2.558190	-99.430129
0.641870	13.806614	2.575642	-99.391447
0.642870	13.806614	2.593095	-99.349629
0.643870	13.806614	2.619273	-99.309379
0.644870	13.806614	2.619273	-99.265469
0.645870	13.806614	2.601821	-99.226788
0.646870	13.806614	2.566916	-99.183401
0.647870	13.793974	2.540737	-99.143674
0.648870	13.781335	2.514558	-99.107083
0.649870	13.756056	2.488380	-99.063173
0.650870	13.743417	2.470927	-99.025537
0.651870	13.718138	2.453475	-98.993650
0.652870	13.692859	2.436022	-98.962809
0.653870	13.692859	2.436022	-98.929355
0.654870	13.692859	2.453475	-98.898514
0.655870	13.692859	2.444748	-98.869241
0.656870	13.692859	2.427296	-98.845195
0.657870	13.680219	2.392391	-98.832650
0.658870	13.680219	2.366212	-98.826377
0.659870	13.692859	2.340033	-98.823241
0.660870	13.705498	2.305128	-98.829514
0.661870	13.718138	2.287676	-98.848332
0.662870	13.705498	2.278949	-98.867150
0.701479	13.680219	2.305128	-98.893809
0.702479	13.680219	2.340033	-98.923605
0.703479	13.680219	2.357486	-98.945559
0.704479	13.705498	2.374938	-98.974309
0.705479	13.718138	2.374938	-98.994173
0.706479	13.730777	2.366212	-99.013514
0.707479	13.743417	2.366212	-99.038082
0.708479	13.743417	2.348759	-99.064742
0.709479	13.730777	2.296402	-99.091923
0.710479	13.718138	2.261497	-99.119628
0.711479	13.705498	2.252771	-99.146287
0.712479	13.705498	2.244044	-99.160401
0.713479	13.705498	2.244044	-99.164060
0.714479	13.692859	2.244044	-99.162492
0.715479	13.667580	2.235318	-99.152560
0.716479	13.629661	2.217866	-99.126424
0.717479	13.604382	2.217866	-99.097673
0.718479	13.591743	2.191687	-99.062651
0.719479	13.566464	2.156782	-99.021355
0.720479	13.541185	2.156782	-98.981628
0.721479	13.503266	2.156782	-98.941378
0.722479	13.465348	2.182961	-98.903741
0.723479	13.427429	2.217866	-98.866105
0.724479	13.389511	2.244044	-98.825332
0.725479	13.351593	2.270223	-98.780900
0.726479	13.326314	2.331307	-98.734900
0.727479	13.288395	2.383664	-98.689422
0.728479	13.250477	2.418569	-98.639763
0.729479	13.212558	2.479653	-98.597945
0.730479	13.174640	2.532011	-98.562922
0.731479	13.136721	2.584368	-98.527376
0.732479	13.111442	2.654178	-98.485035
0.733479	13.098803	2.723988	-98.448967
0.734479	13.073524	2.750167	-98.410285
0.735479	13.060884	2.785072	-98.377353
0.736479	13.048245	2.802525	-98.356967
0.737479	13.022966	2.793799	-98.346512
0.738479	12.985047	2.785072	-98.337626
0.739479	12.934490	2.767620	-98.331353
0.740479	12.883932	2.767620	-98.325080
0.741479	12.833374	2.750167	-98.315148
0.742479	12.782816	2.758894	-98.305739
0.743479	12.732258	2.741441	-98.296330
0.744479	12.706979	2.706536	-98.296330
0.745479	12.694339	2.654178	-98.301035
0.746479	12.694339	2.575642	-98.294239
0.747479	12.694339	2.497106	-98.289012
0.748479	12.681700	2.427296	-98.287966
0.749479	12.669060	2.348759	-98.294762
0.750479	12.669060	2.270223	-98.305217
0.751479	12.694339	2.217866	-98.318807
0.752479	12.694339	2.156782	-98.329262
0.753479	12.694339	2.121877	-98.330307
0.754479	12.719618	2.086972	-98.318807
0.755479	12.770176	2.043340	-98.300512
0.756479	12.833374	2.008435	-98.278557
0.757479	12.883932	1.947352	-98.256080
0.758479	12.934490	1.912447	-98.239353
0.759479	12.985047	1.851363	-98.224194
0.760479	13.048245	1.799005	-98.212171
0.761479	13.098803	1.764100	-98.184989
0.762479	13.124082	1.746648	-98.158330
0.763479	13.136721	1.737921	-98.144216
0.764479	13.149361	1.729195	-98.125920
0.765479	13.187279	1.694290	-98.108670
0.766479	13.225198	1.650659	-98.096648
0.767479	13.237837	1.607028	-98.084625
0.768479	13.237837	1.572123	-98.074693
0.769479	13.250477	1.545944	-98.065807
0.770479	13.250477	1.511039	-98.062670
0.771479	13.237837	1.484860	-98.071034
0.772479	13.212558	1.484860	-98.086716
0.773479	13.199919	1.476134	-98.106580
0.774479	13.212558	1.467407	-98.123830
0.775479	13.225198	1.449955	-98.142125
0.776479	13.225198	1.441229	-98.166693
0.777479	13.199919	1.432502	-98.188125
0.778479	13.174640	1.432502	-98.213739
0.779479	13.162000	1.441229	-98.236216
0.780479	13.136721	1.449955	-98.258694
0.781479	13.111442	1.449955	-98.288489
0.782479	13.073524	1.484860	-98.318285
0.783479	13.035605	1.537217	-98.341285
0.784479	13.010326	1.589575	-98.356967
0.785479	12.985047	1.633206	-98.370035
0.786479	12.972408	1.685564	-98.380489
0.787479	12.985047	1.746648	-98.385717
0.788479	12.997687	1.816458	-98.386762
0.789479	13.010326	1.860089	-98.383103
0.790479	13.022966	1.894994	-98.379967
0.791479	13.022966	1.947352	-98.379444
0.792479	13.022966	1.999709	-98.371603
0.793479	13.035605	2.060793	-98.352785
0.794479	13.073524	2.113150	-98.331876
0.795479	13.111442	2.156782	-98.315148
0.796479	13.149361	2.200413	-98.298421
0.797479	13.212558	2.244044	-98.274376
0.798479	13.275756	2.305128	-98.239875
0.799479	13.338953	2.340033	-98.204853
0.800479	13.402150	2.366212	-98.170352
0.801479	13.477987	2.383664	-98.139511
0.802479	13.541185	2.401117	-98.111284
0.803479	13.591743	2.418569	-98.087761
0.804479	13.617022	2.418569	-98.068420
0.805479	13.642301	2.409843	-98.042807
0.806479	13.667580	2.418569	-98.022943
0.807479	13.667580	2.436022	-97.999420
0.808479	13.667580	2.444748	-97.974329
0.809479	13.667580	2.462201	-97.950284
0.810479	13.667580	2.462201	-97.931465
0.811479	13.654940	2.479653	-97.914215
0.812479	13.642301	2.497106	-97.894352
0.813479	13.629661	2.497106	-97.876579
0.814479	13.591743	2.497106	-97.863511
0.815479	13.553824	2.479653	-97.854101
0.816479	13.515906	2.479653	-97.844170
0.817479	13.490627	2.470927	-97.835283
0.818479	13.452708	2.470927	-97.827442
0.819479	13.427429	2.479653	-97.814374
0.820479	13.402150	2.479653	-97.797124
0.821479	13.389511	2.479653	-97.770465
0.822479	13.376871	2.479653	-97.744851
0.823479	13.364232	2.462201	-97.707215
0.824479	13.351593	2.444748	-97.668010
0.825479	13.338953	2.418569	-97.627760
0.826479	13.326314	2.383664	-97.593260
0.827479	13.326314	2.357486	-97.557191
0.828479	13.313674	2.313854	-97.521646
0.829479	13.288395	2.270223	-97.488714
0.830479	13.250477	2.244044	-97.455259
0.831479	13.237837	2.217866	-97.423373
0.832479	13.225198	2.209139	-97.394623
0.833479	13.212558	2.182961	-97.364305
0.834479	13.187279	2.156782	-97.335032
0.835479	13.162000	2.139329	-97.308895
0.836479	13.149361	2.113150	-97.289554
0.837479	13.136721	2.078245	-97.275441
0.838479	13.136721	2.060793	-97.272304
0.839479	13.136721	2.043340	-97.279622
0.840479	13.124082	2.043340	-97.295304
0.841479	13.124082	2.052067	-97.317259
0.842479	13.124082	2.069519	-97.349145
0.843479	13.124082	2.086972	-97.379986
0.844479	13.111442	2.095698	-97.413441
0.845479	13.111442	2.121877	-97.445850
0.846479	13.124082	2.148055	-97.469373
0.847479	13.162000	2.156782	-97.489759
0.848479	13.187279	2.156782	-97.500214
0.849479	13.212558	2.148055	-97.504919
0.850479	13.237837	2.139329	-97.509100
0.851479	13.263116	2.148055	-97.509100
0.852479	13.288395	2.139329	-97.507009
0.853479	13.288395	2.121877	-97.501782
0.854479	13.275756	2.104424	-97.491328
0.855479	13.250477	2.078245	-97.480873
0.856479	13.225198	2.052067	-97.464146
0.857479	13.225198	2.008435	-97.449509
0.858479	13.237837	1.947352	-97.432782
0.859479	13.250477	1.894994	-97.406646
0.860479	13.275756	1.833910	-97.384691
0.861479	13.301035	1.790279	-97.365350
0.862479	13.338953	1.729195	-97.350191
0.863479	13.389511	1.668111	-97.346532
0.864479	13.427429	1.624480	-97.351236
0.865479	13.465348	1.598301	-97.364827
0.866479	13.503266	1.563396	-97.384168
0.867479	13.541185	1.537217	-97.407691
0.868479	13.579103	1.493586	-97.440623
0.869479	13.604382	1.458681	-97.471987
0.870479	13.642301	1.432502	-97.506487
0.871479	13.705498	1.423776	-97.543601
0.872479	13.768695	1.415050	-97.574964
0.873479	13.819253	1.406324	-97.603192
0.874479	13.857172	1.423776	-97.632464
0.875479	13.882451	1.449955	-97.662260
0.876479	13.895090	1.467407	-97.693624
0.877479	13.869811	1.493586	-97.714533
0.878479	13.844532	1.502312	-97.728124
0.879479	13.806614	1.528491	-97.739624
0.880479	13.756056	1.554670	-97.746419
0.881479	13.705498	1.554670	-97.744328
0.882479	13.654940	1.537217	-97.741192
0.883479	13.604382	1.537217	-97.736487
0.884479	13.553824	1.537217	-97.729169
0.885479	13.503266	1.563396	-97.708783
0.886479	13.477987	1.589575	-97.687874
0.887479	13.465348	1.607028	-97.661215
0.888479	13.440069	1.615754	-97.631419
0.889479	13.414790	1.624480	-97.608942
0.890479	13.402150	1.633206	-97.592214
0.891479	13.376871	1.607028	-97.570260
0.892479	13.351593	1.580849	-97.539941
0.893479	13.338953	1.554670	-97.510669
0.894479	13.364232	1.528491	-97.483487
0.895479	13.389511	1.511039	-97.455259
0.896479	13.414790	1.484860	-97.423373
0.897479	13.440069	1.458681	-97.385736
0.898479	13.465348	1.458681	-97.347577
0.899479	13.477987	1.476134	-97.308895
0.900479	13.490627	1.484860	-97.267600
0.939716	13.503266	1.493586	-97.228395
0.940716	13.515906	1.467407	-97.204349
0.941716	13.515906	1.432502	-97.187099
0.942716	13.490627	1.415050	-97.177168
0.943716	13.452708	1.397597	-97.172463
0.944716	13.427429	1.380145	-97.161486
0.945716	13.402150	1.362692	-97.147372
0.946716	13.402150	1.362692	-97.139008
0.947716	13.402150	1.362692	-97.147372
0.948716	13.414790	1.362692	-97.159918
0.949716	13.414790	1.353966	-97.185008
0.950716	13.402150	1.345240	-97.222122
0.951716	13.376871	1.336514	-97.270736
0.952716	13.351593	1.327787	-97.335554
0.953716	13.326314	1.310335	-97.412918
0.954716	13.313674	1.284156	-97.495509
0.955716	13.301035	1.257977	-97.583851
0.956716	13.288395	1.249251	-97.669055
0.957716	13.263116	1.257977	-97.746942
0.958716	13.237837	1.284156	-97.819079
0.959716	13.237837	1.301609	-97.888079
0.960716	13.250477	1.327787	-97.955511
0.961716	13.237837	1.353966	-98.026602
0.962716	13.237837	1.371419	-98.099261
0.963716	13.225198	1.388871	-98.168262
0.964716	13.212558	1.406324	-98.227853
0.965716	13.199919	1.432502	-98.282739
0.966716	13.174640	1.467407	-98.323512
0.967716	13.162000	1.511039	-98.358535
0.968716	13.174640	1.563396	-98.385194
0.969716	13.187279	1.624480	-98.395126
0.970716	13.199919	1.676838	-98.395126
0.971716	13.225198	1.729195	-98.390944
0.972716	13.250477	1.790279	-98.387285
0.973716	13.275756	1.833910	-98.386762
0.974716	13.313674	1.894994	-98.385194
0.975716	13.338953	1.956078	-98.386239
0.976716	13.351593	2.017162	-98.388330
0.977716	13.376871	2.052067	-98.391990
0.978716	13.414790	2.086972	-98.391990
0.979716	13.440069	2.139329	-98.390944
0.980716	13.465348	2.191687	-98.391467
0.981716	13.490627	2.252771	-98.393558
0.982716	13.477987	2.305128	-98.397740
0.983716	13.490627	2.374938	-98.408194
0.984716	13.515906	2.427296	-98.419171
0.985716	13.528545	2.462201	-98.433808
0.986716	13.528545	2.488380	-98.460467
0.987716	13.528545	2.532011	-98.488172
0.988716	13.515906	2.575642	-98.515354
0.989716	13.503266	2.601821	-98.542535
0.990716	13.490627	2.619273	-98.572854
0.991716	13.490627	2.601821	-98.602649
0.992716	13.503266	2.575642	-98.629308
0.993716	13.515906	2.558190	-98.654399
0.994716	13.515906	2.566916	-98.675831
0.995716	13.503266	2.575642	-98.699877
0.996716	13.477987	2.584368	-98.724445
0.997716	13.452708	2.593095	-98.749536
0.998716	13.427429	2.584368	-98.773582
0.999716	13.440069	2.566916	-98.798150
1.000716	13.427429	2.523285	-98.819582
1.001716	13.402150	2.497106	-98.837877
1.002716	13.376871	2.479653	-98.855650
1.003716	13.376871	2.453475	-98.868196
1.004716	13.376871	2.418569	-98.888582
1.005716	13.364232	2.383664	-98.914196
1.006716	13.351593	2.357486	-98.937196
1.007716	13.326314	2.340033	-98.954969
1.008716	13.288395	2.357486	-98.979014
1.009716	13.263116	2.366212	-99.008810
1.010716	13.237837	2.348759	-99.035991
1.011716	13.212558	2.322581	-99.065264
1.012716	13.212558	2.296402	-99.098196
1.013716	13.225198	2.261497	-99.135310
1.014716	13.237837	2.226592	-99.165106
1.015716	13.237837	2.200413	-99.193856
1.016716	13.225198	2.191687	-99.221560
1.017716	13.225198	2.182961	-99.255538
1.018716	13.212558	2.174234	-99.289515
1.019716	13.187279	2.156782	-99.316697
1.020716	13.149361	2.148055	-99.344402
1.021716	13.111442	2.139329	-99.361129
1.022716	13.098803	2.130603	-99.366356
1.023716	13.086163	2.121877	-99.365311
1.024716	13.098803	2.113150	-99.361129
1.025716	13.111442	2.078245	-99.347015
1.026716	13.111442	2.060793	-99.322970
1.027716	13.111442	2.078245	-99.301538
1.028716	13.111442	2.095698	-99.276970
1.029716	13.098803	2.113150	-99.244038
1.030716	13.098803	2.121877	-99.204310
1.031716	13.098803	2.130603	-99.176083
1.032716	13.136721	2.139329	-99.146810
1.033716	13.174640	2.130603	-99.115446
1.034716	13.225198	2.139329	-99.076764
1.035716	13.288395	2.121877	-99.042264
1.036716	13.364232	2.121877	-99.014037
1.037716	13.440069	2.121877	-98.983196
1.038716	13.515906	2.121877	-98.956014
1.039716	13.579103	2.121877	-98.934059
1.040716	13.629661	2.113150	-98.924650
1.041716	13.667580	2.104424	-98.923605
1.042716	13.705498	2.113150	-98.928832
1.043716	13.743417	2.113150	-98.944514
1.044716	13.781335	2.086972	-98.959673
1.045716	13.806614	2.052067	-98.980582
1.046716	13.831893	2.017162	-99.007764
1.047716	13.831893	1.990983	-99.039651
1.048716	13.831893	1.956078	-99.062128
1.049716	13.781335	1.921173	-99.088264
1.050716	13.730777	1.894994	-99.114401
1.051716	13.654940	1.860089	-99.146287
1.052716	13.591743	1.860089	-99.173469
1.053716	13.541185	1.851363	-99.194378
1.054716	13.490627	1.851363	-99.217378
1.055716	13.440069	1.851363	-99.241424
1.056716	13.389511	1.851363	-99.265992
1.057716	13.364232	1.868815	-99.282720
1.058716	13.338953	1.886268	-99.295788
1.059716	13.313674	1.894994	-99.306765
1.060716	13.288395	1.894994	-99.310424
1.061716	13.263116	1.903720	-99.314606
1.062716	13.263116	1.929899	-99.311470
1.063716	13.263116	1.956078	-99.302583
1.064716	13.288395	1.982257	-99.290038
1.065716	13.313674	2.025888	-99.277492
1.066716	13.376871	2.069519	-99.262333
1.067716	13.427429	2.113150	-99.244560
1.068716	13.503266	2.156782	-99.219469
1.069716	13.553824	2.174234	-99.194378
1.070716	13.591743	2.182961	-99.175560
1.071716	13.629661	2.174234	-99.153083
1.072716	13.667580	2.156782	-99.123810
1.073716	13.692859	2.139329	-99.091401
1.074716	13.705498	2.104424	-99.056378
1.075716	13.718138	2.069519	-99.014560
1.076716	13.730777	2.025888	-98.971696
1.077716	13.743417	1.990983	-98.927787
1.078716	13.743417	1.947352	-98.883877
1.079716	13.718138	1.903720	-98.847286
1.080716	13.692859	1.860089	-98.815923
1.081716	13.654940	1.816458	-98.781945
1.082716	13.617022	1.764100	-98.753718
1.083716	13.553824	1.711743	-98.727059
1.084716	13.515906	1.659385	-98.706672
1.085716	13.452708	1.615754	-98.692559
1.086716	13.414790	1.580849	-98.679490
1.087716	13.376871	1.554670	-98.665377
1.088716	13.338953	1.537217	-98.655445
1.089716	13.288395	1.537217	-98.660672
1.090716	13.263116	1.528491	-98.673218
1.091716	13.237837	1.537217	-98.690468
1.092716	13.212558	1.554670	-98.717127
1.093716	13.187279	1.572123	-98.744309
1.094716	13.162000	1.589575	-98.776195
1.095716	13.162000	1.633206	-98.806514
1.096716	13.174640	1.659385	-98.831604
1.097716	13.187279	1.685564	-98.853036
1.098716	13.199919	1.711743	-98.878650
1.099716	13.212558	1.737921	-98.899559
1.100716	13.237837	1.764100	-98.917332
1.101716	13.250477	1.799005	-98.935105
1.102716	13.275756	1.816458	-98.943991
1.103716	13.288395	1.842636	-98.955491
1.104716	13.301035	1.877542	-98.965423
1.105716	13.313674	1.912447	-98.976400
1.106716	13.351593	1.929899	-98.969605
1.107716	13.376871	1.956078	-98.958628
1.108716	13.402150	1.973530	-98.945037
1.109716	13.427429	1.964804	-98.927787
1.110716	13.452708	1.964804	-98.914196
1.111716	13.477987	1.964804	-98.900605
1.112716	13.477987	1.938625	-98.891718
1.113716	13.490627	1.921173	-98.881786
1.114716	13.503266	1.903720	-98.873946
1.115716	13.503266	1.894994	-98.870809
1.116716	13.503266	1.886268	-98.870286
1.117716	13.515906	1.868815	-98.871855
1.118716	13.528545	1.833910	-98.864536
1.119716	13.553824	1.807731	-98.872900
1.120716	13.579103	1.755374	-98.878650
1.121716	13.604382	1.703016	-98.881786
1.122716	13.629661	1.650659	-98.883877
1.123716	13.642301	1.615754	-98.899559
1.124716	13.654940	1.589575	-98.919946
1.125716	13.667580	1.554670	-98.941900
1.126716	13.680219	1.554670	-98.965946
1.127716	13.692859	1.563396	-98.990514
1.128716	13.705498	1.572123	-99.013514
1.129716	13.730777	1.589575	-99.030241
1.130716	13.743417	1.607028	-99.054287
1.131716	13.756056	1.624480	-99.079901
1.132716	13.793974	1.615754	-99.102901
1.133716	13.831893	1.598301	-99.129037
1.134716	13.869811	1.598301	-99.159878
1.135716	13.907730	1.598301	-99.203265
1.136716	13.933009	1.598301	-99.238288
1.137716	13.945648	1.624480	-99.273310
1.138716	13.958288	1.633206	-99.317742
1.180287	13.970927	1.633206	-99.359038
1.181287	13.983567	1.633206	-99.390924
1.182287	13.996206	1.624480	-99.412356
1.183287	14.008846	1.641933	-99.428561
1.184287	14.008846	1.641933	-99.441106
1.185287	14.008846	1.624480	-99.449993
1.186287	14.008846	1.615754	-99.458356
1.187287	14.021485	1.598301	-99.468288
1.188287	14.034125	1.589575	-99.472993
1.189287	14.034125	1.572123	-99.478220
1.190287	14.021485	1.580849	-99.479266
1.191287	14.008846	1.615754	-99.475084
1.192287	13.970927	1.641933	-99.463061
1.193287	13.933009	1.676838	-99.440584
1.194287	13.882451	1.720469	-99.416015
1.195287	13.844532	1.755374	-99.389879
1.196287	13.806614	1.799005	-99.355902
1.197287	13.756056	1.860089	-99.327151
1.198287	13.705498	1.903720	-99.306242
1.199287	13.654940	1.947352	-99.292129
1.200287	13.591743	1.973530	-99.284810
1.201287	13.541185	1.990983	-99.278015
1.202287	13.477987	2.034614	-99.269129
1.203287	13.414790	2.060793	-99.262333
1.204287	13.326314	2.104424	-99.257106
1.205287	13.237837	2.121877	-99.246651
1.206287	13.174640	2.148055	-99.225219
1.207287	13.111442	2.165508	-99.201697
1.208287	13.048245	2.148055	-99.179742
1.209287	12.985047	2.130603	-99.158310
1.210287	12.921850	2.113150	-99.141583
1.211287	12.896571	2.078245	-99.125378
1.212287	12.883932	2.052067	-99.112310
1.213287	12.871292	2.034614	-99.100287
1.214287	12.883932	1.999709	-99.081992
1.215287	12.896571	1.964804	-99.055332
1.216287	12.909211	1.929899	-99.027105
1.217287	12.934490	1.894994	-98.998878
1.218287	12.972408	1.877542	-98.970650
1.219287	13.022966	1.825184	-98.948696
1.220287	13.073524	1.781553	-98.921514
1.221287	13.149361	1.737921	-98.895377
1.222287	13.237837	1.729195	-98.877605
1.223287	13.313674	1.729195	-98.871332
1.224287	13.389511	1.729195	-98.866105
1.225287	13.465348	1.764100	-98.860877
1.226287	13.553824	1.799005	-98.859309
1.227287	13.642301	1.851363	-98.860355
1.228287	13.692859	1.921173	-98.864014
1.229287	13.730777	1.964804	-98.868196
1.230287	13.768695	1.990983	-98.877082
1.231287	13.793974	2.025888	-98.894855
1.232287	13.819253	2.078245	-98.922559
1.233287	13.844532	2.130603	-98.953400
1.234287	13.882451	2.165508	-98.983196
1.235287	13.907730	2.191687	-99.019264
1.236287	13.945648	2.235318	-99.048537
1.237287	13.970927	2.287676	-99.080946
1.238287	13.970927	2.322581	-99.106560
1.239287	13.945648	2.331307	-99.129560
1.240287	13.920369	2.331307	-99.148901
1.241287	13.895090	2.331307	-99.172424
1.242287	13.857172	2.313854	-99.200651
1.243287	13.831893	2.296402	-99.227310
1.244287	13.806614	2.244044	-99.251356
1.245287	13.793974	2.174234	-99.271742
1.246287	13.781335	2.130603	-99.293174
1.247287	13.768695	2.104424	-99.308856
1.248287	13.756056	2.086972	-99.314606
1.249287	13.730777	2.060793	-99.318265
1.250287	13.705498	2.034614	-99.317220
1.251287	13.667580	2.034614	-99.314606
1.252287	13.629661	2.025888	-99.302583
1.253287	13.579103	2.025888	-99.291606
1.254287	13.553824	2.017162	-99.280629
1.255287	13.541185	2.008435	-99.281151
1.256287	13.528545	1.999709	-99.283242
1.257287	13.503266	1.990983	-99.289515
1.258287	13.477987	1.990983	-99.292129
1.259287	13.465348	1.973530	-99.283765
1.260287	13.440069	1.947352	-99.280106
1.261287	13.427429	1.938625	-99.278015
1.262287	13.414790	1.947352	-99.279583
1.263287	13.414790	1.938625	-99.278538
1.264287	13.414790	1.912447	-99.276970
1.265287	13.414790	1.877542	-99.278538
1.266287	13.427429	1.842636	-99.274879
1.267287	13.427429	1.807731	-99.275401
1.268287	13.414790	1.772826	-99.283242
1.269287	13.402150	1.737921	-99.297879
1.270287	13.389511	1.694290	-99.321401
1.271287	13.364232	1.641933	-99.353811
1.272287	13.351593	1.607028	-99.380993
1.273287	13.364232	1.589575	-99.411834
1.274287	13.402150	1.572123	-99.438493
1.275287	13.440069	1.537217	-99.476652
1.276287	13.477987	1.519765	-99.526834
1.277287	13.515906	1.511039	-99.571266
1.278287	13.528545	1.519765	-99.614652
1.279287	13.541185	1.502312	-99.660130
1.280287	13.528545	1.502312	-99.705607
1.281287	13.515906	1.511039	-99.753698
1.282287	13.503266	1.519765	-99.803880
1.283287	13.503266	1.528491	-99.856153
1.284287	13.528545	1.537217	-99.907381
1.285287	13.591743	1.519765	-99.947108
1.286287	13.654940	1.528491	-99.980563
1.287287	13.718138	1.537217	-100.005654
1.288287	13.781335	1.563396	-100.019245
1.289287	13.819253	1.580849	-100.034404
1.290287	13.844532	1.589575	-100.040154
1.291287	13.857172	1.598301	-100.042245
1.292287	13.869811	1.607028	-100.023949
1.293287	13.895090	1.633206	-99.999381
1.294287	13.920369	1.676838	-99.976381
1.295287	13.945648	1.703016	-99.947108
1.296287	13.958288	1.755374	-99.912608
1.297287	13.983567	1.799005	-99.880199
1.298287	13.996206	1.842636	-99.849880
1.299287	14.008846	1.886268	-99.815380
1.300287	14.008846	1.938625	-99.778267
1.301287	13.996206	1.990983	-99.735403
1.302287	13.933009	2.069519	-99.697766
1.303287	13.869811	2.130603	-99.671107
1.304287	13.793974	2.191687	-99.643402
1.305287	13.718138	2.235318	-99.617789
1.306287	13.667580	2.278949	-99.586948
1.307287	13.617022	2.322581	-99.559243
1.308287	13.566464	2.366212	-99.538334
1.309287	13.515906	2.436022	-99.535720
1.310287	13.440069	2.488380	-99.532061
1.311287	13.364232	2.514558	-99.527357
1.312287	13.301035	2.532011	-99.530493
1.313287	13.263116	2.549463	-99.536766
1.314287	13.225198	2.575642	-99.539379
1.315287	13.199919	2.601821	-99.536766
1.316287	13.174640	2.628000	-99.540425
1.317287	13.136721	2.636726	-99.546698
1.318287	13.098803	2.654178	-99.560289
1.319287	13.098803	2.662905	-99.572834
1.320287	13.098803	2.671631	-99.573880
1.321287	13.124082	2.680357	-99.580675
1.322287	13.149361	2.697810	-99.591130
1.323287	13.162000	2.715262	-99.603152
1.324287	13.174640	2.732715	-99.620925
1.325287	13.187279	2.741441	-99.637652
1.326287	13.187279	2.723988	-99.641834
1.327287	13.212558	2.697810	-99.647584
1.328287	13.237837	2.671631	-99.657516
1.329287	13.263116	2.654178	-99.667448
1.330287	13.275756	2.610547	-99.673198
1.331287	13.275756	2.540737	-99.679471
1.332287	13.288395	2.470927	-99.692016
1.333287	13.301035	2.401117	-99.702471
1.334287	13.338953	2.348759	-99.714494
1.335287	13.376871	2.287676	-99.723380
1.336287	13.402150	2.217866	-99.730698
1.337287	13.427429	2.148055	-99.740630
1.338287	13.440069	2.078245	-99.741675
1.339287	13.452708	2.008435	-99.734880
1.340287	13.465348	1.938625	-99.731221
1.341287	13.477987	1.860089	-99.722335
1.342287	13.477987	1.799005	-99.713448
1.343287	13.503266	1.746648	-99.710312
1.344287	13.515906	1.703016	-99.706653
1.345287	13.528545	1.676838	-99.696198
1.346287	13.553824	1.650659	-99.677380
1.347287	13.579103	1.659385	-99.660130
1.348287	13.629661	1.694290	-99.641312
1.349287	13.667580	1.729195	-99.610471
1.350287	13.692859	1.755374	-99.576493
1.351287	13.692859	1.772826	-99.537811
1.352287	13.692859	1.781553	-99.500175
1.353287	13.692859	1.807731	-99.461493
1.354287	13.692859	1.816458	-99.424379
1.355287	13.692859	1.833910	-99.395629
1.356287	13.692859	1.851363	-99.371583
1.357287	13.692859	1.868815	-99.338652
1.358287	13.680219	1.894994	-99.300492
1.359287	13.680219	1.912447	-99.259719
1.360287	13.654940	1.938625	-99.217378
1.361287	13.629661	1.964804	-99.176606
1.362287	13.591743	1.982257	-99.141583
1.363287	13.528545	1.999709	-99.112833
1.364287	13.465348	1.982257	-99.084605
1.365287	13.389511	1.956078	-99.059514
1.366287	13.301035	1.929899	-99.045923
1.367287	13.237837	1.929899	-99.032855
1.368287	13.199919	1.921173	-99.022923
1.369287	13.162000	1.921173	-99.007764
1.370287	13.124082	1.921173	-98.989991
1.371287	13.086163	1.947352	-98.970128
1.372287	13.048245	1.956078	-98.940332
1.373287	13.010326	1.964804	-98.908968
1.374287	12.972408	1.973530	-98.887014
1.375287	12.959769	1.990983	-98.869241
1.376287	12.959769	1.999709	-98.848855
1.377287	12.985047	1.999709	-98.830559
1.378287	12.997687	1.999709	-98.808604
1.379287	13.022966	1.999709	-98.779332
1.417862	13.073524	1.999709	-98.751104
1.418862	13.124082	2.025888	-98.725491
1.419862	13.162000	2.060793	-98.704581
1.420862	13.225198	2.086972	-98.684718
1.421862	13.275756	2.095698	-98.673218
1.422862	13.313674	2.113150	-98.667990
1.423862	13.351593	2.130603	-98.673740
1.424862	13.389511	2.121877	-98.695695
1.425862	13.427429	2.104424	-98.723922
1.426862	13.465348	2.086972	-98.770445
1.427862	13.503266	2.078245	-98.820627
1.428862	13.541185	2.069519	-98.867673
1.429862	13.566464	2.060793	-98.920468
1.430862	13.579103	2.069519	-98.977446
1.431862	13.579103	2.069519	-99.034946
1.432862	13.604382	2.078245	-99.096628
1.433862	13.642301	2.078245	-99.165628
1.434862	13.667580	2.086972	-99.230447
1.435862	13.692859	2.078245	-99.290560
1.436862	13.743417	2.060793	-99.339174
1.437862	13.781335	2.060793	-99.380993
1.438862	13.819253	2.052067	-99.412879
1.439862	13.857172	2.052067	-99.434834
1.440862	13.882451	2.052067	-99.448947
1.441862	13.907730	2.078245	-99.445288
1.442862	13.920369	2.104424	-99.435356
1.443862	13.945648	2.139329	-99.414447
1.444862	13.970927	2.148055	-99.394061
1.445862	13.996206	2.148055	-99.377856
1.446862	14.021485	2.130603	-99.359038
1.447862	14.046764	2.113150	-99.341265
1.448862	14.072043	2.095698	-99.319833
1.449862	14.084683	2.069519	-99.295265
1.450862	14.084683	2.069519	-99.267560
1.451862	14.084683	2.060793	-99.242992
1.452862	14.084683	2.069519	-99.220515
1.453862	14.072043	2.060793	-99.206401
1.454862	14.059404	2.043340	-99.193333
1.455862	14.046764	2.034614	-99.184969
1.456862	14.034125	2.008435	-99.181310
1.457862	14.046764	1.982257	-99.182356
1.458862	14.059404	1.947352	-99.194378
1.459862	14.084683	1.921173	-99.208492
1.460862	14.072043	1.894994	-99.223651
1.461862	14.059404	1.886268	-99.237765
1.462862	14.046764	1.886268	-99.244038
1.463862	14.034125	1.886268	-99.246129
1.464862	14.021485	1.868815	-99.249265
1.465862	14.008846	1.868815	-99.257629
1.466862	13.996206	1.851363	-99.274356
1.467862	13.970927	1.799005	-99.300492
1.468862	13.945648	1.737921	-99.329765
1.469862	13.920369	1.668111	-99.364788
1.470862	13.895090	1.624480	-99.402947
1.471862	13.869811	1.580849	-99.446856
1.472862	13.844532	1.537217	-99.488675
1.473862	13.819253	1.502312	-99.531538
1.474862	13.781335	1.467407	-99.568129
1.475862	13.730777	1.432502	-99.603675
1.476862	13.692859	1.380145	-99.642880
1.477862	13.692859	1.336514	-99.678425
1.478862	13.692859	1.310335	-99.713448
1.479862	13.680219	1.284156	-99.755266
1.480862	13.667580	1.275430	-99.804403
1.481862	13.654940	1.275430	-99.850926
1.482862	13.642301	1.257977	-99.890130
1.483862	13.629661	1.266704	-99.919926
1.484862	13.629661	1.301609	-99.937176
1.485862	13.629661	1.345240	-99.946585
1.486862	13.629661	1.388871	-99.949199
1.487862	13.617022	1.423776	-99.944494
1.488862	13.604382	1.458681	-99.937176
1.489862	13.591743	1.502312	-99.931426
1.490862	13.566464	1.545944	-99.921494
1.491862	13.541185	1.580849	-99.914699
1.492862	13.541185	1.607028	-99.905290
1.493862	13.528545	1.633206	-99.889085
1.494862	13.490627	1.650659	-99.872880
1.495862	13.452708	1.650659	-99.855108
1.496862	13.440069	1.659385	-99.835244
1.497862	13.427429	1.659385	-99.808062
1.498862	13.414790	1.668111	-99.782448
1.499862	13.402150	1.685564	-99.766244
1.500862	13.389511	1.694290	-99.748994
1.501862	13.389511	1.694290	-99.738016
1.502862	13.389511	1.694290	-99.732266
1.503862	13.376871	1.694290	-99.726516
1.504862	13.389511	1.694290	-99.719198
1.505862	13.402150	1.694290	-99.702994
1.506862	13.414790	1.676838	-99.683130
1.507862	13.452708	1.650659	-99.662221
1.508862	13.477987	1.641933	-99.637130
1.509862	13.477987	1.650659	-99.606811
1.510862	13.477987	1.668111	-99.578061
1.511862	13.515906	1.685564	-99.549311
1.512862	13.553824	1.685564	-99.516902
1.513862	13.579103	1.676838	-99.484493
1.514862	13.617022	1.668111	-99.450515
1.515862	13.642301	1.650659	-99.406606
1.516862	13.654940	1.641933	-99.355379
1.517862	13.667580	1.641933	-99.309379
1.518862	13.667580	1.633206	-99.259719
1.519862	13.654940	1.624480	-99.205356
1.520862	13.680219	1.615754	-99.146810
1.521862	13.692859	1.607028	-99.091401
1.522862	13.705498	1.598301	-99.042264
1.523862	13.718138	1.589575	-98.992082
1.524862	13.718138	1.607028	-98.941378
1.525862	13.743417	1.624480	-98.891196
1.526862	13.793974	1.641933	-98.847286
1.527862	13.831893	1.659385	-98.805468
1.528862	13.831893	1.676838	-98.765218
1.529862	13.831893	1.720469	-98.732286
1.530862	13.831893	1.764100	-98.694127
1.531862	13.806614	1.807731	-98.661718
1.532862	13.793974	1.842636	-98.643422
1.533862	13.793974	1.868815	-98.623558
1.534862	13.793974	1.886268	-98.596376
1.535862	13.793974	1.929899	-98.563445
1.536862	13.819253	1.982257	-98.538354
1.537862	13.806614	2.025888	-98.518490
1.538862	13.793974	2.069519	-98.493399
1.539862	13.781335	2.113150	-98.468831
1.540862	13.768695	2.165508	-98.450012
1.541862	13.756056	2.191687	-98.438512
1.542862	13.730777	2.209139	-98.434853
1.543862	13.692859	2.209139	-98.428058
1.544862	13.680219	2.217866	-98.420740
1.545862	13.680219	2.226592	-98.412376
1.546862	13.680219	2.226592	-98.402444
1.547862	13.680219	2.226592	-98.395126
1.548862	13.692859	2.226592	-98.380489
1.549862	13.705498	2.235318	-98.353308
1.550862	13.730777	2.235318	-98.325603
1.551862	13.756056	2.226592	-98.305217
1.552862	13.781335	2.191687	-98.291626
1.553862	13.793974	2.148055	-98.271239
1.554862	13.819253	2.121877	-98.252421
1.555862	13.831893	2.095698	-98.239353
1.556862	13.844532	2.069519	-98.226284
1.557862	13.857172	2.052067	-98.209034
1.558862	13.869811	2.052067	-98.190216
1.559862	13.869811	2.043340	-98.164602
1.560862	13.869811	2.043340	-98.143693
1.561862	13.857172	2.034614	-98.122784
1.562862	13.831893	2.034614	-98.108148
1.563862	13.806614	2.025888	-98.090898
1.564862	13.781335	2.017162	-98.074693
1.565862	13.756056	2.008435	-98.068420
1.566862	13.756056	1.999709	-98.067898
1.567862	13.743417	1.999709	-98.072079
1.568862	13.730777	2.017162	-98.073648
1.569862	13.705498	2.043340	-98.076261
1.570862	13.680219	2.069519	-98.077829
1.571862	13.654940	2.086972	-98.078352
1.572862	13.654940	2.104424	-98.079920
1.573862	13.642301	2.121877	-98.084625
1.574862	13.617022	2.130603	-98.089329
1.575862	13.591743	2.130603	-98.088284
1.576862	13.591743	2.148055	-98.089852
1.577862	13.591743	2.156782	-98.091943
1.578862	13.591743	2.165508	-98.092989
1.579862	13.604382	2.165508	-98.088284
1.580862	13.617022	2.182961	-98.083579
1.581862	13.629661	2.200413	-98.085148
1.582862	13.642301	2.217866	-98.082534
1.583862	13.604382	2.235318	-98.083579
1.584862	13.566464	2.270223	-98.089852
1.585862	13.515906	2.296402	-98.098739
1.586862	13.490627	2.322581	-98.107625
1.587862	13.465348	2.340033	-98.120170
1.588862	13.427429	2.357486	-98.133239
1.589862	13.376871	2.366212	-98.144216
1.590862	13.351593	2.383664	-98.148921
1.591862	13.338953	2.401117	-98.156239
1.592862	13.326314	2.401117	-98.163557
1.593862	13.288395	2.383664	-98.171398
1.594862	13.250477	2.383664	-98.171398
1.595862	13.199919	2.383664	-98.170875
1.596862	13.162000	2.374938	-98.175057
1.597862	13.124082	2.357486	-98.179762
1.598862	13.086163	2.340033	-98.176102
1.599862	13.048245	2.313854	-98.172443
1.600862	13.048245	2.287676	-98.167216
1.601862	13.048245	2.244044	-98.155193
1.602862	13.073524	2.191687	-98.138989
1.603862	13.086163	2.139329	-98.127489
1.604862	13.086163	2.095698	-98.120170
1.605862	13.111442	2.052067	-98.112330
1.606862	13.136721	2.017162	-98.107625
1.607862	13.149361	1.973530	-98.106580
1.608862	13.174640	1.921173	-98.105011
1.609862	13.199919	1.886268	-98.111807
1.610862	13.250477	1.860089	-98.121739
1.611862	13.301035	1.825184	-98.134284
1.612862	13.376871	1.790279	-98.147875
1.613862	13.440069	1.772826	-98.154671
1.614862	13.503266	1.746648	-98.162512
1.615862	13.566464	1.720469	-98.172443
1.616862	13.629661	1.703016	-98.179762
1.645220	13.680219	1.676838	-98.186034
1.646220	13.718138	1.650659	-98.191784
1.647220	13.743417	1.624480	-98.201193
1.648220	13.768695	1.607028	-98.198057
1.649220	13.819253	1.580849	-98.189171
1.650220	13.857172	1.545944	-98.179239
1.651220	13.882451	1.528491	-98.167216
1.652220	13.907730	1.511039	-98.153102
1.653220	13.920369	1.519765	-98.140557
1.654220	13.933009	1.537217	-98.120170
1.655220	13.920369	1.545944	-98.091943
1.656220	13.907730	1.554670	-98.066329
1.657220	13.882451	1.572123	-98.039670
1.658220	13.844532	1.563396	-98.015102
1.659220	13.806614	1.563396	-97.991056
1.660220	13.768695	1.563396	-97.971715
1.661220	13.730777	1.572123	-97.958647
1.662220	13.680219	1.589575	-97.940352
1.663220	13.642301	1.607028	-97.921534
1.664220	13.604382	1.641933	-97.903238
1.665220	13.566464	1.659385	-97.894352
1.666220	13.515906	1.694290	-97.886511
1.667220	13.465348	1.737921	-97.879715
1.668220	13.440069	1.755374	-97.872397
1.669220	13.402150	1.764100	-97.869783
1.670220	13.351593	1.755374	-97.865079
1.671220	13.301035	1.729195	-97.862988
1.672220	13.263116	1.729195	-97.864556
1.673220	13.225198	1.729195	-97.862988
1.674220	13.187279	1.703016	-97.859329
1.675220	13.174640	1.694290	-97.853579
1.676220	13.149361	1.694290	-97.846783
1.677220	13.124082	1.703016	-97.831101
1.678220	13.086163	1.703016	-97.806533
1.679220	13.060884	1.720469	-97.791374
1.680220	13.048245	1.720469	-97.781965
1.681220	13.035605	1.720469	-97.767328
1.682220	13.022966	1.737921	-97.745897
1.683220	13.010326	1.755374	-97.724465
1.684220	12.985047	1.772826	-97.704601
1.685220	12.934490	1.807731	-97.683169
1.686220	12.896571	1.860089	-97.655987
1.687220	12.871292	1.903720	-97.629328
1.688220	12.833374	1.973530	-97.599010
1.689220	12.808095	2.017162	-97.566601
1.690220	12.782816	2.060793	-97.538373
1.691220	12.757537	2.130603	-97.516941
1.692220	12.719618	2.209139	-97.500214
1.693220	12.706979	2.278949	-97.482441
1.694220	12.694339	2.331307	-97.467282
1.695220	12.706979	2.383664	-97.456828
1.696220	12.732258	2.418569	-97.436441
1.697220	12.744897	2.479653	-97.408214
1.698220	12.744897	2.523285	-97.385736
1.699220	12.744897	2.549463	-97.371100
1.700220	12.732258	2.558190	-97.353850
1.701220	12.744897	2.575642	-97.329282
1.702220	12.770176	2.575642	-97.303145
1.703220	12.808095	2.549463	-97.280668
1.704220	12.858653	2.540737	-97.252441
1.705220	12.934490	2.505832	-97.231009
1.706220	12.985047	2.479653	-97.213236
1.707220	13.035605	2.453475	-97.193895
1.708220	13.073524	2.418569	-97.168804
1.709220	13.111442	2.374938	-97.144236
1.710220	13.136721	2.331307	-97.122804
1.711220	13.162000	2.305128	-97.109736
1.712220	13.174640	2.278949	-97.096667
1.713220	13.174640	2.252771	-97.089872
1.714220	13.174640	2.217866	-97.090917
1.715220	13.199919	2.191687	-97.088304
1.716220	13.212558	2.174234	-97.087781
1.717220	13.250477	2.174234	-97.096667
1.718220	13.263116	2.174234	-97.114440
1.719220	13.288395	2.174234	-97.143190
1.720220	13.301035	2.209139	-97.172986
1.721220	13.301035	2.226592	-97.215850
1.722220	13.288395	2.252771	-97.261850
1.723220	13.301035	2.278949	-97.309418
1.724220	13.313674	2.313854	-97.356986
1.725220	13.351593	2.348759	-97.412396
1.726220	13.376871	2.392391	-97.467282
1.727220	13.414790	2.436022	-97.522169
1.728220	13.452708	2.470927	-97.572873
1.729220	13.490627	2.514558	-97.628805
1.730220	13.528545	2.549463	-97.692056
1.731220	13.566464	2.584368	-97.752692
1.732220	13.591743	2.619273	-97.820647
1.733220	13.629661	2.645452	-97.882852
1.734220	13.667580	2.662905	-97.939306
1.735220	13.730777	2.654178	-97.994716
1.736220	13.781335	2.671631	-98.043329
1.737220	13.844532	2.662905	-98.093511
1.738220	13.907730	2.662905	-98.133761
1.739220	13.970927	2.671631	-98.168784
1.740220	14.021485	2.689083	-98.204330
1.741220	14.072043	2.689083	-98.240921
1.742220	14.097322	2.689083	-98.269148
1.743220	14.135241	2.662905	-98.294762
1.744220	14.147880	2.628000	-98.317762
1.745220	14.160520	2.584368	-98.336058
1.746220	14.160520	2.514558	-98.349126
1.747220	14.160520	2.453475	-98.352785
1.748220	14.147880	2.392391	-98.360103
1.749220	14.147880	2.331307	-98.362194
1.750220	14.147880	2.278949	-98.363239
1.751220	14.135241	2.217866	-98.361148
1.752220	14.109962	2.174234	-98.360103
1.753220	14.084683	2.113150	-98.358535
1.754220	14.034125	2.052067	-98.353830
1.755220	13.983567	1.990983	-98.353308
1.756220	13.933009	1.912447	-98.351217
1.757220	13.869811	1.816458	-98.343376
1.758220	13.806614	1.729195	-98.337626
1.759220	13.768695	1.641933	-98.339717
1.760220	13.743417	1.589575	-98.352785
1.761220	13.730777	1.554670	-98.370558
1.762220	13.718138	1.519765	-98.396171
1.763220	13.730777	1.511039	-98.425444
1.764220	13.743417	1.493586	-98.460990
1.765220	13.768695	1.476134	-98.487126
1.766220	13.756056	1.458681	-98.505422
1.767220	13.756056	1.449955	-98.526854
1.768220	13.743417	1.441229	-98.552467
1.769220	13.730777	1.441229	-98.577036
1.770220	13.718138	1.432502	-98.601604
1.771220	13.718138	1.441229	-98.625649
1.772220	13.718138	1.458681	-98.651786
1.773220	13.718138	1.484860	-98.676877
1.774220	13.743417	1.528491	-98.707195
1.775220	13.768695	1.580849	-98.727581
1.776220	13.781335	1.641933	-98.739081
1.777220	13.781335	1.676838	-98.734900
1.778220	13.781335	1.703016	-98.722354
1.779220	13.768695	1.746648	-98.701968
1.780220	13.743417	1.790279	-98.671127
1.781220	13.718138	1.851363	-98.635058
1.782220	13.705498	1.912447	-98.604740
1.783220	13.730777	1.973530	-98.585922
1.784220	13.743417	2.025888	-98.564490
1.785220	13.768695	2.095698	-98.538354
1.786220	13.781335	2.156782	-98.503331
1.787220	13.781335	2.226592	-98.464649
1.788220	13.781335	2.278949	-98.429103
1.789220	13.781335	2.322581	-98.385717
1.790220	13.768695	2.366212	-98.348080
1.791220	13.743417	2.401117	-98.306262
1.792220	13.718138	2.427296	-98.273853
1.793220	13.692859	2.427296	-98.247716
1.794220	13.654940	2.444748	-98.228375
1.795220	13.604382	2.453475	-98.215830
1.796220	13.579103	2.462201	-98.206943
1.797220	13.553824	2.444748	-98.211648
1.798220	13.528545	2.418569	-98.213216
1.799220	13.490627	2.392391	-98.213216
1.800220	13.440069	2.366212	-98.204853
1.801220	13.389511	2.340033	-98.195966
1.802220	13.338953	2.313854	-98.191784
1.803220	13.313674	2.287676	-98.203284
1.804220	13.313674	2.261497	-98.224194
1.805220	13.313674	2.252771	-98.244057
1.806220	13.313674	2.235318	-98.268625
1.807220	13.338953	2.217866	-98.291626
1.808220	13.364232	2.191687	-98.318285
1.809220	13.376871	2.165508	-98.349126
1.810220	13.376871	2.174234	-98.383626
1.811220	13.402150	2.165508	-98.418649
1.812220	13.452708	2.182961	-98.454717
1.813220	13.490627	2.182961	-98.492353
1.814220	13.515906	2.209139	-98.527899
1.815220	13.541185	2.235318	-98.566058
1.816220	13.566464	2.261497	-98.602649
1.817220	13.579103	2.287676	-98.649695
1.818220	13.579103	2.313854	-98.700922
1.819220	13.579103	2.322581	-98.750059
1.820220	13.566464	2.331307	-98.783513
1.821220	13.541185	2.340033	-98.808604
1.822220	13.503266	2.348759	-98.828468
1.823220	13.465348	2.366212	-98.849377
1.824220	13.414790	2.383664	-98.862968
1.825220	13.364232	2.409843	-98.871855
1.826220	13.338953	2.436022	-98.869764
1.827220	13.338953	2.436022	-98.855650
1.828220	13.313674	2.453475	-98.841014
1.829220	13.263116	2.444748	-98.819059
1.830220	13.212558	2.436022	-98.793968
1.831220	13.187279	2.418569	-98.759468
1.832220	13.162000	2.401117	-98.724968
1.833220	13.124082	2.383664	-98.688900
1.834220	13.124082	2.366212	-98.639763
1.835220	13.149361	2.340033	-98.589058
1.836220	13.174640	2.322581	-98.538876
1.837220	13.199919	2.296402	-98.493399
1.838220	13.225198	2.270223	-98.446353
1.839220	13.275756	2.226592	-98.398262
1.840220	13.326314	2.182961	-98.346512
1.841220	13.376871	2.130603	-98.301557
1.842220	13.414790	2.086972	-98.257648
1.843220	13.427429	2.043340	-98.217398
1.844220	13.427429	1.999709	-98.186557
1.886980	13.452708	1.947352	-98.155193
1.887980	13.490627	1.912447	-98.130102
1.888980	13.528545	1.894994	-98.102398
1.889980	13.553824	1.868815	-98.080966
1.890980	13.579103	1.842636	-98.059534
1.891980	13.629661	1.825184	-98.047511
1.892980	13.629661	1.816458	-98.049079
1.893980	13.617022	1.816458	-98.046466
1.894980	13.604382	1.807731	-98.043329
1.895980	13.591743	1.825184	-98.042284
1.896980	13.579103	1.842636	-98.048034
1.897980	13.553824	1.868815	-98.059011
1.898980	13.528545	1.894994	-98.068943
1.899980	13.490627	1.956078	-98.077307
1.900980	13.477987	1.990983	-98.092989
1.901980	13.490627	2.025888	-98.112330
1.902980	13.490627	2.078245	-98.125398
1.903980	13.477987	2.113150	-98.136898
1.904980	13.477987	2.139329	-98.146830
1.905980	13.477987	2.156782	-98.162512
1.906980	13.465348	2.191687	-98.176102
1.907980	13.440069	2.226592	-98.193875
1.908980	13.402150	2.235318	-98.207466
1.909980	13.389511	2.235318	-98.211125
1.910980	13.376871	2.252771	-98.217921
1.911980	13.364232	2.287676	-98.224716
1.912980	13.351593	2.305128	-98.234125
1.913980	13.326314	2.331307	-98.241444
1.914980	13.301035	2.357486	-98.250330
1.915980	13.275756	2.383664	-98.266535
1.916980	13.263116	2.374938	-98.280648
1.917980	13.225198	2.401117	-98.284307
1.918980	13.174640	2.409843	-98.282216
1.919980	13.136721	2.418569	-98.284307
1.920980	13.098803	2.462201	-98.287966
1.921980	13.048245	2.488380	-98.289535
1.922980	12.997687	2.514558	-98.292671
1.923980	12.972408	2.532011	-98.294762
1.924980	12.972408	2.549463	-98.294762
1.925980	12.972408	2.601821	-98.292148
1.926980	12.972408	2.636726	-98.293716
1.927980	12.972408	2.645452	-98.294762
1.928980	12.972408	2.636726	-98.301035
1.929980	12.959769	2.628000	-98.308876
1.930980	12.972408	2.593095	-98.317239
1.931980	12.985047	2.558190	-98.324035
1.932980	12.997687	2.532011	-98.328217
1.933980	13.022966	2.497106	-98.337103
1.934980	13.060884	2.436022	-98.350171
1.935980	13.086163	2.401117	-98.363762
1.936980	13.124082	2.357486	-98.375262
1.937980	13.162000	2.278949	-98.390421
1.938980	13.199919	2.226592	-98.408194
1.939980	13.237837	2.165508	-98.416035
1.940980	13.263116	2.095698	-98.428058
1.941980	13.263116	2.034614	-98.435899
1.942980	13.263116	1.956078	-98.446353
1.943980	13.263116	1.912447	-98.457331
1.944980	13.263116	1.868815	-98.469876
1.945980	13.250477	1.842636	-98.479808
1.946980	13.263116	1.807731	-98.479808
1.947980	13.263116	1.799005	-98.477717
1.948980	13.263116	1.790279	-98.476672
1.949980	13.263116	1.772826	-98.473012
1.950980	13.250477	1.790279	-98.467785
1.951980	13.250477	1.816458	-98.466740
1.952980	13.263116	1.842636	-98.464126
1.953980	13.250477	1.868815	-98.460990
1.954980	13.237837	1.921173	-98.448444
1.955980	13.225198	1.964804	-98.439035
1.956980	13.212558	2.025888	-98.439558
1.957980	13.199919	2.104424	-98.437467
1.958980	13.212558	2.174234	-98.440081
1.959980	13.212558	2.235318	-98.440081
1.960980	13.225198	2.270223	-98.437467
1.961980	13.237837	2.313854	-98.433808
1.962980	13.275756	2.348759	-98.423353
1.963980	13.301035	2.401117	-98.421785
1.964980	13.326314	2.444748	-98.425967
1.965980	13.338953	2.488380	-98.431717
1.966980	13.351593	2.514558	-98.439035
1.967980	13.364232	2.514558	-98.446353
1.968980	13.364232	2.523285	-98.449490
1.969980	13.376871	2.514558	-98.464649
1.970980	13.414790	2.488380	-98.483990
1.971980	13.452708	2.462201	-98.515876
1.972980	13.490627	2.436022	-98.542013
1.973980	13.528545	2.409843	-98.566058
1.974980	13.553824	2.374938	-98.590626
1.975980	13.566464	2.340033	-98.613104
1.976980	13.591743	2.305128	-98.636627
1.977980	13.604382	2.278949	-98.661718
1.978980	13.617022	2.270223	-98.688900
1.979980	13.617022	2.252771	-98.723922
1.980980	13.604382	2.209139	-98.753718
1.981980	13.591743	2.165508	-98.779854
1.982980	13.604382	2.130603	-98.802854
1.983980	13.617022	2.121877	-98.828468
1.984980	13.617022	2.121877	-98.850423
1.985980	13.604382	2.113150	-98.874991
1.986980	13.579103	2.104424	-98.887014
1.987980	13.528545	2.121877	-98.896946
1.988980	13.477987	2.113150	-98.895900
1.989980	13.427429	2.113150	-98.893287
1.990980	13.364232	2.095698	-98.885968
1.991980	13.326314	2.078245	-98.882832
1.992980	13.275756	2.052067	-98.884400
1.993980	13.237837	2.052067	-98.885968
1.994980	13.199919	2.052067	-98.886491
1.995980	13.149361	2.017162	-98.887014
1.996980	13.098803	2.008435	-98.883355
1.997980	13.073524	2.025888	-98.886491
1.998980	13.048245	2.043340	-98.884923
1.999980	13.010326	2.034614	-98.880218
